- 4308
1 1005
interrogative 727
2 507
imperative 367
expressive 261
3 228
5 153
10 123
4 116
6 88
12 85
100 81
20 78
7 67
15 55
8 55
1000 52
1000000 49
+ 48
50 44
14 39
30 38
13 32
18 31
40 29
10000 27
1000000000 27
11 27
25 24
9 24
200 19
60 19
300 18
70 17
19 15
35 15
100000000 14
16 14
17 14
80 14
90 14
100000 13
500 13
600 13
50000 11
150000 10
21 10
29 10
8000 10
GMT 10
26 9
3000 9
3000000 9
32 9
4000 9
5000 9
65 9
400 8
1500 7
150000000 7
177 7
200000 7
2000000 7
300000000000 7
36 7
43 7
45 7
50000000 7
5000000000 7
6000 7
10000000 6
140 6
150 6
15000 6
20000 6
2000000000 6
24 6
34 6
41 6
700 6
-1 5
1.4 5
1300 5
170 5
200000000 5
23 5
300000000 5
350 5
37 5
400000000 5
42 5
800 5
10000000000 4
100000000000 4
107 4
110 4
11000 4
1200 4
155 4
1600 4
192 4
2000 4
202 4
250000 4
27 4
28 4
297 4
30000 4
30000000 4
35000 4
38 4
40000 4
47 4
48 4
500000 4
52 4
75 4
8000000000 4
8200 4
85 4
The 4
0 3
0.5 3
1.22 3
1000000000000 3
1300000000 3
1500000 3
15000000000 3
153 3
1700000 3
2.5 3
22 3
22000 3
221 3
240 3
2400000000 3
250 3
250000000 3
300000 3
3000000000 3
33 3
38000000000 3
49 3
5000000 3
5500000000 3
56 3
560 3
57 3
60000 3
6000000000 3
61 3
64 3
83 3
90000 3
Compass 3
Golden 3
of 3
-2 2
1.5 2
102 2
102000 2
11630000000 2
120 2
121 2
130 2
13000000000 2
1350 2
14000 2
1400000000 2
1500000000 2
160 2
1700 2
17000 2
174 2
180000 2
18000000 2
1800000000 2
185 2
186 2
1900 2
191 2
195 2
20000000 2
200000000000 2
2012 2
207 2
21000 2
222 2
230 2
247 2
2500 2
25000000000 2
255 2
273 2
3.5 2
308 2
31 2
310000000 2
3200 2
34000000000 2
3500 2
360 2
37500 2
380 2
385 2
39 2
4.3 2
40000000 2
4000000000 2
44 2
48000000 2
4860000000 2
500000000 2
51 2
51000000000 2
55 2
5500 2
59 2
600000 2
6000000 2
600000000 2
66 2
6700000000 2
68 2
6a 2
7.6 2
7.8 2
7.9 2
7000 2
70000 2
70000000000 2
702000000 2
73 2
74 2
77 2
78 2
800000000 2
82 2
830 2
84 2
87 2
88 2
920 2
94 2
95 2
96 2
Abu 2
Ali 2
P 2
-4 1
0.15 1
0.18 1
0.19 1
0.2 1
0.41 1
0.7 1
0.7943 1
0.8012 1
1.1 1
1.30 1
1.8 1
10043 1
101 1
10100491 1
104 1
10450000 1
105 1
106 1
10600000 1
10700000000 1
1072 1
1092000000 1
1100 1
1100000 1
11000000 1
1130 1
115 1
117 1
11711000000 1
12000000 1
12000000000 1
1200000000000 1
1234567 1
1241 1
125 1
12500 1
12500000 1
127 1
1271 1
13000 1
13000000 1
130000000 1
131 1
134000 1
1340000 1
1344 1
136 1
139857000000 1
1400 1
140000 1
140000000 1
14450000000 1
144584000000 1
14700000000 1
1474 1
14900000000 1
1503 1
15418000000 1
15500000000 1
15600000000 1
1580000000 1
158300 1
16000 1
16000000000 1
1658 1
170000 1
1700000000 1
17220000000 1
1740 1
1749 1
17800000000 1
180 1
1800 1
18000 1
1800000 1
18000000000 1
183 1
1850000000 1
1860000000 1
188 1
189 1
18931 1
19.5 1
190 1
19500000000 1
1951 1
198 1
1999 1
2.8 1
20006 1
206 1
20900000000 1
2094000000 1
21.8 1
2100 1
21000000 1
21000000000 1
21000089 1
21153 1
212 1
2148 1
216 1
21600000000 1
219000000 1
21969 1
220 1
2200 1
220000 1
22000000 1
224.73 1
226 1
2267 1
2285000000 1
2300 1
23000000 1
2301 1
235 1
239 1
24000 1
240000 1
240000000 1
2428000000 1
245 1
247000000 1
249 1
25000 1
2500000 1
2500000000 1
251973 1
254 1
25765 1
2586 1
259000000 1
2597 1
26000 1
2600000 1
26000000 1
2600000000 1
2630 1
266 1
269 1
27000000 1
270000000000 1
27200000 1
27300000000 1
280 1
2800 1
2800000 1
284 1
286000000 1
2865 1
2900000000 1
291 1
29180000000 1
29266 1
293 1
30000000000 1
3021 1
3027 1
30880000000 1
3100000000 1
318 1
31800000000 1
3200000000 1
322 1
326 1
3284 1
3300 1
330000000 1
3300000000 1
331 1
335 1
339 1
3400 1
3400000 1
340000000 1
3400000000 1
3448 1
34900000 1
350000000 1
3500000000 1
353 1
35508000000 1
357.7 1
3600 1
36000000000 1
365 1
367000000000 1
37.7 1
375 1
3794100 1
38913000000 1
390000 1
390000000 1
392 1
39787000000 1
4.2 1
4.6 1
4000000 1
4030 1
41000 1
41850000 1
42.5 1
420 1
42000 1
430 1
4300000000 1
43000000000 1
430000000000 1
434 1
437 1
440 1
44000 1
444 1
45.6 1
450 1
4500 1
45000000 1
45085000000 1
454 1
455 1
46 1
46.2 1
4600000000 1
46000000000 1
4700 1
47100000000 1
48.49 1
480 1
4800000000 1
485 1
49.9 1
490 1
4900000000 1
495 1
5.25 1
5.5 1
5.69 1
50000000000 1
500000000000 1
53 1
530000 1
534446433 1
540 1
540000000 1
550000000 1
560000 1
56000000 1
5640 1
564452000000 1
57348000000 1
58 1
58000000 1
590 1
591239000000 1
6.3 1
6.9 1
60000000000 1
60060000000 1
6033000000 1
61000 1
6165 1
6172000000 1
62 1
6200000 1
62000000 1
633000 1
639 1
63950 1
640000000 1
64432000000 1
644500 1
64570 1
6500 1
6500000 1
65000000 1
650000000 1
6513000000 1
65545000000 1
657 1
67 1
670274000000000 1
67604000000000 1
68000 1
6890 1
69 1
7000000 1
70000000 1
700000000 1
705 1
706 1
71 1
71.18 1
710 1
72 1
720000 1
730000 1
73600000 1
7400000 1
750 1
750000 1
750000000 1
76 1
7600 1
77.50 1
77000 1
7700000 1
780 1
7800000 1
78000000 1
780000000 1
780000000000 1
79000000 1
798000000000 1
8.0 1
8.5 1
8.8 1
800000 1
8000000 1
801900 1
8075000000 1
81 1
85000 1
8500000 1
853 1
862 1
862000 1
866 1
870 1
8891 1
891 1
9.0 1
9.3 1
9.7 1
9000 1
907 1
91 1
91070000000 1
921 1
925 1
936500 1
9600000 1
99 1
991 1
AEDT 1
Al-thore 1
Allen 1
An 1
Antonio 1
Armed 1
Australia 1
Aziz 1
Burma 1
Chengdu 1
Co. 1
Colombia 1
Constantinople 1
D. 1
Divine 1
Empress 1
Epogen 1
Equipment 1
Espinoza 1
Forces 1
Foundation 1
General 1
Gong 1
Google 1
Growler 1
Hamid 1
Hiang 1
International 1
Islamiyah 1
Israel 1
Issam 1
Jeff 1
Jemaah 1
Kanal-2007 1
Karim 1
Kurdistan 1
Land 1
Lights 1
Ltd. 1
Marco 1
Medical 1
Middle_East 1
Mullah 1
Northern 1
PGPCoder 1
PST 1
Palestine 1
Party 1
Porkistan 1
Revolutionary 1
Rosenbaum 1
SA-21 1
Scorpion 1
Seven 1
Sisi 1
Small 1
Smart 1
Southwest 1
Star 1
Stone 1
Swords 1
T. 1
Tariq 1
Toto 1
Tovali 1
Turner 1
UTC 1
Uncle 1
Weapon 1
Workers' 1
Yang 1
Yue 1
al-Harithi 1
al-Maki 1
features 1
five 1
serotinal 1
the 1
unique 1
with 1
